    0.5000    1.0000    1.0000
    0.3500    0.9500    1.0000
    0.2500    0.9000    1.0000
    0.1250    0.8700    1.0000
         0    0.8435    1.0000
         0    0.8000    1.0000
         0    0.7758    1.0000
         0    0.7081    1.0000
         0    0.6404    1.0000
         0    0.5727    1.0000
         0    0.5050    1.0000
         0    0.4373    1.0000
         0    0.3696    1.0000
         0    0.3019    1.0000
         0    0.2342    1.0000
         0    0.1200    0.9700
         0    0.0988    0.9375
         0    0.0311    0.8750
         0         0    0.7500
         0         0    0.6250
         0         0         0
    0.0079    0.0079    0.0079
    0.0157    0.0157    0.0157
    0.0236    0.0236    0.0236
    0.0315    0.0315    0.0315
    0.0394    0.0394    0.0394
    0.0472    0.0472    0.0472
    0.0551    0.0551    0.0551
    0.0630    0.0630    0.0630
    0.0709    0.0709    0.0709
    0.0787    0.0787    0.0787
    0.0866    0.0866    0.0866
    0.0945    0.0945    0.0945
    0.1024    0.1024    0.1024
    0.1102    0.1102    0.1102
    0.1181    0.1181    0.1181
    0.1260    0.1260    0.1260
    0.1339    0.1339    0.1339
    0.1417    0.1417    0.1417
    0.1496    0.1496    0.1496
    0.1575    0.1575    0.1575
    0.1654    0.1654    0.1654
    0.1732    0.1732    0.1732
    0.1811    0.1811    0.1811
    0.1890    0.1890    0.1890
    0.1969    0.1969    0.1969
    0.2047    0.2047    0.2047
    0.2126    0.2126    0.2126
    0.2205    0.2205    0.2205
    0.2283    0.2283    0.2283
    0.2362    0.2362    0.2362
    0.2441    0.2441    0.2441
    0.2520    0.2520    0.2520
    0.2598    0.2598    0.2598
    0.2677    0.2677    0.2677
    0.2756    0.2756    0.2756
    0.2835    0.2835    0.2835
    0.2913    0.2913    0.2913
    0.2992    0.2992    0.2992
    0.3071    0.3071    0.3071
    0.3150    0.3150    0.3150
    0.3228    0.3228    0.3228
    0.3307    0.3307    0.3307
    0.3386    0.3386    0.3386
    0.3465    0.3465    0.3465
    0.3543    0.3543    0.3543
    0.3622    0.3622    0.3622
    0.3701    0.3701    0.3701
    0.3780    0.3780    0.3780
    0.3858    0.3858    0.3858
    0.3937    0.3937    0.3937
    0.4016    0.4016    0.4016
    0.4094    0.4094    0.4094
    0.4173    0.4173    0.4173
    0.4252    0.4252    0.4252
    0.4331    0.4331    0.4331
    0.4409    0.4409    0.4409
    0.4488    0.4488    0.4488
    0.4567    0.4567    0.4567
    0.4646    0.4646    0.4646
    0.4724    0.4724    0.4724
    0.4803    0.4803    0.4803
    0.4882    0.4882    0.4882
    0.4961    0.4961    0.4961
    0.5039    0.5039    0.5039
    0.5118    0.5118    0.5118
    0.5197    0.5197    0.5197
    0.5276    0.5276    0.5276
    0.5354    0.5354    0.5354
    0.5433    0.5433    0.5433
    0.5512    0.5512    0.5512
    0.5591    0.5591    0.5591
    0.5669    0.5669    0.5669
    0.5748    0.5748    0.5748
    0.5827    0.5827    0.5827
    0.5906    0.5906    0.5906
    0.5984    0.5984    0.5984
    0.6063    0.6063    0.6063
    0.6142    0.6142    0.6142
    0.6220    0.6220    0.6220
    0.6299    0.6299    0.6299
    0.6378    0.6378    0.6378
    0.6457    0.6457    0.6457
    0.6535    0.6535    0.6535
    0.6614    0.6614    0.6614
    0.6693    0.6693    0.6693
    0.6772    0.6772    0.6772
    0.6850    0.6850    0.6850
    0.6929    0.6929    0.6929
    0.7008    0.7008    0.7008
    0.7087    0.7087    0.7087
    0.7165    0.7165    0.7165
    0.7244    0.7244    0.7244
    0.7323    0.7323    0.7323
    0.7402    0.7402    0.7402
    0.7480    0.7480    0.7480
    0.7559    0.7559    0.7559
    0.7638    0.7638    0.7638
    0.7717    0.7717    0.7717
    0.7795    0.7795    0.7795
    0.7874    0.7874    0.7874
    0.7953    0.7953    0.7953
    0.8031    0.8031    0.8031
    0.8110    0.8110    0.8110
    0.8189    0.8189    0.8189
    0.8268    0.8268    0.8268
    0.8346    0.8346    0.8346
    0.8425    0.8425    0.8425
    0.8504    0.8504    0.8504
    0.8583    0.8583    0.8583
    0.8661    0.8661    0.8661
    0.8740    0.8740    0.8740
    0.8819    0.8819    0.8819
    0.8898    0.8898    0.8898
    0.8976    0.8976    0.8976
    0.9055    0.9055    0.9055
    0.9134    0.9134    0.9134
    0.9213    0.9213    0.9213
    0.9291    0.9291    0.9291
    0.9370    0.9370    0.9370
    0.9449    0.9449    0.9449
    0.9528    0.9528    0.9528
    0.9606    0.9606    0.9606
    0.9685    0.9685    0.9685
    0.9764    0.9764    0.9764
    0.9843    0.9843    0.9843
    0.9921    0.9921    0.9921
    1.0000    1.0000    1.0000
    0.6250         0         0
    0.7500         0         0
    0.8750    0.0311         0
    0.9375    0.0988         0
    0.9700    0.1200         0
    1.0000    0.2342         0
    1.0000    0.3019         0
    1.0000    0.3696         0
    1.0000    0.4373         0
    1.0000    0.5050         0
    1.0000    0.5727         0
    1.0000    0.6404         0
    1.0000    0.7081         0
    1.0000    0.7758         0
    1.0000    0.8000         0
    1.0000    0.8435         0
    1.0000    0.8700    0.1250
    1.0000    0.9000    0.2500
    1.0000    0.9500    0.3500
    1.0000    1.0000    0.5000
